what,kind,bundleId,bundleVersion,description,time
started,bundle,org.eclipse.update.configurator,3.3.100.v20100512,"org.eclipse.update.configurator",1331761175875
started,bundle,org.eclipse.update.core,3.2.402.R36x_v20100629,"org.eclipse.update.core",1331761175953
started,bundle,com.altera.sbtgui.integration,11.0.0.208,"com.altera.sbtgui.integration",1331761176343
started,bundle,com.altera.systemconsole,11.0.0.208,"com.altera.systemconsole",1331761176421
started,bundle,org.eclipse.compare,3.5.100.I20100526-0800,"org.eclipse.compare",1331761176625
started,bundle,com.altera.utilities,11.0.0.208,"com.altera.utilities",1331761176921
started,bundle,com.altera.sbtgui.launch,11.0.0.208,"com.altera.sbtgui.launch",1331761178703
deactivated,workbench,org.eclipse.ui.workbench,3.6.1.M20100826-1330,"",1331761180375
activated,workbench,org.eclipse.ui.workbench,3.6.1.M20100826-1330,"",1331761188281
deactivated,workbench,org.eclipse.ui.workbench,3.6.1.M20100826-1330,"",1331761196765
activated,workbench,org.eclipse.ui.workbench,3.6.1.M20100826-1330,"",1331761200015
deactivated,workbench,org.eclipse.ui.workbench,3.6.1.M20100826-1330,"",1331761200046
activated,workbench,org.eclipse.ui.workbench,3.6.1.M20100826-1330,"",1331761202937
started,bundle,org.eclipse.cdt.launch,6.1.0.201009141542,"org.eclipse.cdt.launch",1331761205984
opened,view,com.altera.sbtgui.launch,11.0.0.208,"com.altera.sbtgui.launch.hardware.ByteStreamConsoleView",1331761211968
started,bundle,org.eclipse.cdt.debug.mi.ui,6.1.0.201009141542,"org.eclipse.cdt.debug.mi.ui",1331761213109
started,bundle,org.eclipse.cdt.dsf,2.1.0.201009141542,"org.eclipse.cdt.dsf",1331761213281
started,bundle,org.eclipse.cdt.dsf.gdb,3.0.0.201009141542,"org.eclipse.cdt.dsf.gdb",1331761213328
started,bundle,org.eclipse.cdt.dsf.gdb.ui,2.1.0.201009141542,"org.eclipse.cdt.dsf.gdb.ui",1331761213328
started,bundle,org.eclipse.cdt.debug.mi.core,7.0.1.201009141542,"org.eclipse.cdt.debug.mi.core",1331761213500
deactivated,workbench,org.eclipse.ui.workbench,3.6.1.M20100826-1330,"",1331761214890
started,bundle,com.altera.debug.cdi.gdb.plugin,11.0.0.208,"com.altera.debug.cdi.gdb.plugin",1331761222578
activated,workbench,org.eclipse.ui.workbench,3.6.1.M20100826-1330,"",1331761225859
activated,perspective,com.altera.sbtgui.ui,,"com.altera.sbtgui.ui.debugPerspective",1331761225890
activated,view,com.altera.sbtgui.launch,11.0.0.208,"com.altera.sbtgui.launch.hardware.ByteStreamConsoleView",1331761225921
started,bundle,org.eclipse.cdt.dsf.ui,2.1.1.201009141542,"org.eclipse.cdt.dsf.ui",1331761226203
opened,editor,org.eclipse.cdt.debug.ui,7.0.0.201009141542,"org.eclipse.cdt.debug.ui.SourceNotFoundEditor",1331761226390
deactivated,workbench,org.eclipse.ui.workbench,3.6.1.M20100826-1330,"",1331761228296
activated,workbench,org.eclipse.ui.workbench,3.6.1.M20100826-1330,"",1331761266703
activated,view,org.eclipse.ui.console,3.5.0.v20100526,"org.eclipse.ui.console.ConsoleView",1331761280656
closed,editor,org.eclipse.cdt.debug.ui,7.0.0.201009141542,"org.eclipse.cdt.debug.ui.SourceNotFoundEditor",1331761282312
activated,view,com.altera.sbtgui.launch,11.0.0.208,"com.altera.sbtgui.launch.hardware.ByteStreamConsoleView",1331761283765
activated,view,org.eclipse.ui.console,3.5.0.v20100526,"org.eclipse.ui.console.ConsoleView",1331761286828
opened,editor,org.eclipse.cdt.ui,5.2.1.201009141542,"org.eclipse.cdt.ui.editor.asm.AsmEditor",1331761296890
activated,view,com.altera.sbtgui.launch,11.0.0.208,"com.altera.sbtgui.launch.hardware.ByteStreamConsoleView",1331761297031
activated,editor,org.eclipse.cdt.ui,5.2.1.201009141542,"org.eclipse.cdt.ui.editor.CEditor",1331761588968
opened,editor,org.eclipse.cdt.ui,5.2.1.201009141542,"org.eclipse.cdt.ui.editor.CEditor",1331761603515
activated,editor,org.eclipse.cdt.ui,5.2.1.201009141542,"org.eclipse.cdt.ui.editor.CEditor",1331761603562
opened,editor,org.eclipse.cdt.ui,5.2.1.201009141542,"org.eclipse.cdt.ui.editor.CEditor",1331761619250
activated,editor,org.eclipse.cdt.ui,5.2.1.201009141542,"org.eclipse.cdt.ui.editor.CEditor",1331761619296
activated,editor,org.eclipse.cdt.ui,5.2.1.201009141542,"org.eclipse.cdt.ui.editor.CEditor",1331761690906
activated,perspective,com.altera.sbtgui.ui,,"com.altera.sbtgui.ui.cPerspective",1331761714421
activated,view,com.altera.sbtgui.launch,11.0.0.208,"com.altera.sbtgui.launch.hardware.ByteStreamConsoleView",1331761714468
closed,view,org.eclipse.debug.ui,3.6.1.v20100901_r361,"org.eclipse.debug.ui.VariableView",1331761714500
executed,command,org.eclipse.ui,3.6.1.M20100826-1330,"org.eclipse.ui.window.closePerspective",1331761714515
activated,view,org.eclipse.ui.navigator.resources,3.4.201.M20100707-0800,"org.eclipse.ui.navigator.ProjectExplorer",1331761719406
activated,editor,org.eclipse.cdt.ui,5.2.1.201009141542,"org.eclipse.cdt.ui.editor.CEditor",1331761737781
executed,command,org.eclipse.cdt.ui,5.2.1.201009141542,"org.eclipse.cdt.ui.edit.opendecl",1331761742828
executed,command,org.eclipse.debug.ui,3.6.1.v20100901_r361,"org.eclipse.debug.ui.commands.RunToLine",1331761786453
deactivated,workbench,org.eclipse.ui.workbench,3.6.1.M20100826-1330,"",1331761799953
activated,workbench,org.eclipse.ui.workbench,3.6.1.M20100826-1330,"",1331761803312
started,bundle,com.altera.sbtgui.ui,11.0.0.208,"com.altera.sbtgui.ui",1331761803375
error,log,,,"Exception in org.eclipse.ui.internal.PageLayout.stackView: org.eclipse.ui.PartInitException: Could not create view: org.eclipse.cdt.debug.ui.DisassemblyView",1331761803390
error,log,,,"Exception in org.eclipse.ui.internal.PageLayout.stackView: org.eclipse.ui.PartInitException: Could not create view: org.eclipse.cdt.debug.ui.DisassemblyView",1331761803390
opened,view,org.eclipse.debug.ui,3.6.1.v20100901_r361,"org.eclipse.debug.ui.VariableView",1331761803515
activated,perspective,com.altera.sbtgui.ui,11.0.0.208,"com.altera.sbtgui.ui.debugPerspective",1331761803546
activated,view,com.altera.sbtgui.launch,11.0.0.208,"com.altera.sbtgui.launch.hardware.ByteStreamConsoleView",1331761803578
activated,editor,org.eclipse.cdt.ui,5.2.1.201009141542,"org.eclipse.cdt.ui.editor.CEditor",1331761803765
opened,editor,org.eclipse.cdt.ui,5.2.1.201009141542,"org.eclipse.cdt.ui.editor.CEditor",1331761803796
activated,editor,org.eclipse.cdt.ui,5.2.1.201009141542,"org.eclipse.cdt.ui.editor.CEditor",1331761803828
closed,editor,org.eclipse.cdt.ui,5.2.1.201009141542,"org.eclipse.cdt.ui.editor.asm.AsmEditor",1331761803843
executed,command,org.eclipse.debug.ui,3.6.1.v20100901_r361,"org.eclipse.debug.ui.commands.Resume",1331761840125
activated,editor,org.eclipse.cdt.ui,5.2.1.201009141542,"org.eclipse.cdt.ui.editor.CEditor",1331761919203
deactivated,workbench,org.eclipse.ui.workbench,3.6.1.M20100826-1330,"",1331761936015
activated,workbench,org.eclipse.ui.workbench,3.6.1.M20100826-1330,"",1331761936906
started,bundle,org.eclipse.cdt.mylyn.ui,1.1.3.v20100909-0100-e3x,"org.eclipse.cdt.mylyn.ui",1331761966734
closed,workbench,org.eclipse.ui.workbench,3.6.1.M20100826-1330,"",1331761967000
stopped,bundle,org.eclipse.cdt.debug.mi.ui,6.1.0.201009141542,"org.eclipse.cdt.debug.mi.ui",1331761967609
stopped,bundle,com.altera.debug.cdi.gdb.plugin,11.0.0.208,"com.altera.debug.cdi.gdb.plugin",1331761967609
stopped,bundle,com.altera.sbtgui.launch,11.0.0.208,"com.altera.sbtgui.launch",1331761968718
stopped,bundle,org.eclipse.cdt.debug.mi.core,7.0.1.201009141542,"org.eclipse.cdt.debug.mi.core",1331761968718
stopped,bundle,org.eclipse.cdt.debug.ui.memory.memorybrowser,1.2.0.201009141542,"org.eclipse.cdt.debug.ui.memory.memorybrowser",1331761968750
stopped,bundle,org.eclipse.cdt.debug.ui.memory.search,1.2.0.201009141542,"org.eclipse.cdt.debug.ui.memory.search",1331761968781
stopped,bundle,org.eclipse.cdt.dsf.gdb.ui,2.1.0.201009141542,"org.eclipse.cdt.dsf.gdb.ui",1331761968781
stopped,bundle,org.eclipse.cdt.dsf.ui,2.1.1.201009141542,"org.eclipse.cdt.dsf.ui",1331761968781
stopped,bundle,org.eclipse.cdt.gdb.ui,7.0.0.201009141542,"org.eclipse.cdt.gdb.ui",1331761968812
stopped,bundle,org.eclipse.cdt.dsf.gdb,3.0.0.201009141542,"org.eclipse.cdt.dsf.gdb",1331761968812
stopped,bundle,com.altera.sbtgui.ui,11.0.0.208,"com.altera.sbtgui.ui",1331761968812
stopped,bundle,com.altera.sbtgui.project,11.0.0.208,"com.altera.sbtgui.project",1331761968812
stopped,bundle,org.eclipse.cdt.launch,6.1.0.201009141542,"org.eclipse.cdt.launch",1331761968812
stopped,bundle,org.eclipse.cdt.debug.ui,7.0.0.201009141542,"org.eclipse.cdt.debug.ui",1331761968812
stopped,bundle,org.eclipse.cdt.debug.ui.memory.traditional,1.2.0.201009141542,"org.eclipse.cdt.debug.ui.memory.traditional",1331761968812
stopped,bundle,org.eclipse.cdt.dsf,2.1.0.201009141542,"org.eclipse.cdt.dsf",1331761968812
stopped,bundle,org.eclipse.cdt.debug.core,7.0.0.201009141542,"org.eclipse.cdt.debug.core",1331761968828
stopped,bundle,org.eclipse.cdt.managedbuilder.ui,7.0.0.201009141542,"org.eclipse.cdt.managedbuilder.ui",1331761968843
stopped,bundle,org.eclipse.cdt.make.ui,7.0.0.201009141542,"org.eclipse.cdt.make.ui",1331761968843
stopped,bundle,org.eclipse.cdt.managedbuilder.gnu.ui,7.0.0.201009141542,"org.eclipse.cdt.managedbuilder.gnu.ui",1331761968843
stopped,bundle,org.eclipse.cdt.managedbuilder.core,7.0.1.201009141542,"org.eclipse.cdt.managedbuilder.core",1331761968843
stopped,bundle,org.eclipse.cdt.make.core,7.0.0.201009141542,"org.eclipse.cdt.make.core",1331761968843
stopped,bundle,org.eclipse.cdt.mylyn.ui,1.1.3.v20100909-0100-e3x,"org.eclipse.cdt.mylyn.ui",1331761968843
activated,perspective,com.altera.sbtgui.ui,,"com.altera.sbtgui.ui.cPerspective",1331762026531
started,bundle,org.eclipse.osgi,3.6.1.R36x_v20100806,"org.eclipse.osgi",1331762026531
started,bundle,org.eclipse.equinox.simpleconfigurator,1.0.200.v20100503,"org.eclipse.equinox.simpleconfigurator",1331762026531
started,bundle,com.ibm.icu,4.2.1.v20100412,"com.ibm.icu",1331762026531
started,bundle,org.eclipse.cdt.core,5.2.1.201009141542,"org.eclipse.cdt.core",1331762026531
started,bundle,org.eclipse.cdt.debug.core,7.0.0.201009141542,"org.eclipse.cdt.debug.core",1331762026531
started,bundle,org.eclipse.cdt.debug.ui,7.0.0.201009141542,"org.eclipse.cdt.debug.ui",1331762026531
started,bundle,org.eclipse.cdt.make.core,7.0.0.201009141542,"org.eclipse.cdt.make.core",1331762026531
started,bundle,org.eclipse.cdt.make.ui,7.0.0.201009141542,"org.eclipse.cdt.make.ui",1331762026531
started,bundle,org.eclipse.cdt.managedbuilder.core,7.0.1.201009141542,"org.eclipse.cdt.managedbuilder.core",1331762026531
started,bundle,org.eclipse.cdt.managedbuilder.gnu.ui,7.0.0.201009141542,"org.eclipse.cdt.managedbuilder.gnu.ui",1331762026531
started,bundle,org.eclipse.cdt.ui,5.2.1.201009141542,"org.eclipse.cdt.ui",1331762026531
started,bundle,org.eclipse.compare.core,3.5.100.I20100526-0800,"org.eclipse.compare.core",1331762026531
started,bundle,org.eclipse.core.contenttype,3.4.100.v20100505-1235,"org.eclipse.core.contenttype",1331762026531
started,bundle,org.eclipse.core.databinding.observable,1.3.0.I20100601-0800,"org.eclipse.core.databinding.observable",1331762026531
started,bundle,org.eclipse.core.expressions,3.4.200.v20100505,"org.eclipse.core.expressions",1331762026531
started,bundle,org.eclipse.core.filebuffers,3.5.100.v20100520-0800,"org.eclipse.core.filebuffers",1331762026531
started,bundle,org.eclipse.core.filesystem,1.3.1.R36x_v20100727-0745,"org.eclipse.core.filesystem",1331762026546
started,bundle,org.eclipse.core.jobs,3.5.1.R36x_v20100824,"org.eclipse.core.jobs",1331762026546
started,bundle,org.eclipse.core.net,1.2.100.I20100511-0800,"org.eclipse.core.net",1331762026546
started,bundle,org.eclipse.core.resources,3.6.0.R36x_v20100825-0600,"org.eclipse.core.resources",1331762026546
started,bundle,org.eclipse.core.runtime,3.6.0.v20100505,"org.eclipse.core.runtime",1331762026546
started,bundle,org.eclipse.core.runtime.compatibility,3.2.100.v20100505,"org.eclipse.core.runtime.compatibility",1331762026546
started,bundle,org.eclipse.core.runtime.compatibility.auth,3.2.200.v20100517,"org.eclipse.core.runtime.compatibility.auth",1331762026546
started,bundle,org.eclipse.core.variables,3.2.400.v20100505,"org.eclipse.core.variables",1331762026546
started,bundle,org.eclipse.debug.core,3.6.0.v20100519,"org.eclipse.debug.core",1331762026546
started,bundle,org.eclipse.debug.ui,3.6.1.v20100901_r361,"org.eclipse.debug.ui",1331762026546
started,bundle,org.eclipse.epp.usagedata.gathering,1.3.0.R201005261100,"org.eclipse.epp.usagedata.gathering",1331762026546
started,bundle,org.eclipse.epp.usagedata.recording,1.3.0.R201005261100,"org.eclipse.epp.usagedata.recording",1331762026546
started,bundle,org.eclipse.equinox.app,1.3.1.R36x_v20100803,"org.eclipse.equinox.app",1331762026546
started,bundle,org.eclipse.equinox.common,3.6.0.v20100503,"org.eclipse.equinox.common",1331762026546
started,bundle,org.eclipse.equinox.ds,1.2.1.R36x_v20100803,"org.eclipse.equinox.ds",1331762026546
started,bundle,org.eclipse.equinox.event,1.2.0.v20100503,"org.eclipse.equinox.event",1331762026546
started,bundle,org.eclipse.equinox.p2.core,2.0.2.R36x_v20100804,"org.eclipse.equinox.p2.core",1331762026546
started,bundle,org.eclipse.equinox.p2.directorywatcher,1.0.202.R36x_v20100727,"org.eclipse.equinox.p2.directorywatcher",1331762026546
started,bundle,org.eclipse.equinox.p2.engine,2.0.0.v20100606,"org.eclipse.equinox.p2.engine",1331762026546
started,bundle,org.eclipse.equinox.p2.metadata,2.0.0.v20100601,"org.eclipse.equinox.p2.metadata",1331762026546
started,bundle,org.eclipse.equinox.p2.metadata.repository,1.1.0.v20100513,"org.eclipse.equinox.p2.metadata.repository",1331762026546
started,bundle,org.eclipse.equinox.p2.operations,2.0.0.v20100510,"org.eclipse.equinox.p2.operations",1331762026546
started,bundle,org.eclipse.equinox.p2.reconciler.dropins,1.1.0.v20100525,"org.eclipse.equinox.p2.reconciler.dropins",1331762026546
started,bundle,org.eclipse.equinox.p2.repository,2.0.1.R36x_v20100823,"org.eclipse.equinox.p2.repository",1331762026546
started,bundle,org.eclipse.equinox.p2.ui.sdk.scheduler,1.0.0.v20100507-1815,"org.eclipse.equinox.p2.ui.sdk.scheduler",1331762026546
started,bundle,org.eclipse.equinox.p2.updatechecker,1.1.101.R36x_v20100823,"org.eclipse.equinox.p2.updatechecker",1331762026546
started,bundle,org.eclipse.equinox.preferences,3.3.0.v20100503,"org.eclipse.equinox.preferences",1331762026546
started,bundle,org.eclipse.equinox.registry,3.5.0.v20100503,"org.eclipse.equinox.registry",1331762026546
started,bundle,org.eclipse.equinox.security,1.0.200.v20100503,"org.eclipse.equinox.security",1331762026546
started,bundle,org.eclipse.equinox.util,1.0.200.v20100503,"org.eclipse.equinox.util",1331762026546
started,bundle,org.eclipse.help,3.5.0.v20100524,"org.eclipse.help",1331762026546
started,bundle,org.eclipse.jface,3.6.1.M20100825-0800,"org.eclipse.jface",1331762026546
started,bundle,org.eclipse.jsch.core,1.1.200.I20100505-1245,"org.eclipse.jsch.core",1331762026546
started,bundle,org.eclipse.ltk.core.refactoring,3.5.100.v20100526-0800,"org.eclipse.ltk.core.refactoring",1331762026546
started,bundle,org.eclipse.ltk.ui.refactoring,3.5.0.v20100526-0800,"org.eclipse.ltk.ui.refactoring",1331762026546
started,bundle,org.eclipse.mylyn.bugzilla.core,3.4.2.v20100902-0100-e3x,"org.eclipse.mylyn.bugzilla.core",1331762026562
started,bundle,org.eclipse.mylyn.bugzilla.ui,3.4.2.v20100909-0100-e3x,"org.eclipse.mylyn.bugzilla.ui",1331762026562
started,bundle,org.eclipse.mylyn.commons.net,3.4.1.v20100625-2100-e3x,"org.eclipse.mylyn.commons.net",1331762026562
started,bundle,org.eclipse.mylyn.commons.ui,3.4.0.v20100608-0100-e3x,"org.eclipse.mylyn.commons.ui",1331762026562
started,bundle,org.eclipse.mylyn.context.core,3.4.1.v20100909-0100-e3x,"org.eclipse.mylyn.context.core",1331762026562
started,bundle,org.eclipse.mylyn.context.ui,3.4.1.v20100909-0100-e3x,"org.eclipse.mylyn.context.ui",1331762026562
started,bundle,org.eclipse.mylyn.monitor.ui,3.4.0.v20100608-0100-e3x,"org.eclipse.mylyn.monitor.ui",1331762026562
started,bundle,org.eclipse.mylyn.tasks.ui,3.4.2.v20100902-0100-e3x,"org.eclipse.mylyn.tasks.ui",1331762026562
started,bundle,org.eclipse.mylyn.team.ui,3.4.2.v20100909-0100-e3x,"org.eclipse.mylyn.team.ui",1331762026562
started,bundle,org.eclipse.search,3.6.0.v20100520-0800,"org.eclipse.search",1331762026562
started,bundle,org.eclipse.team.core,3.5.100.R36x_v20100825-0800,"org.eclipse.team.core",1331762026562
started,bundle,org.eclipse.team.cvs.core,3.3.300.I20100526-0800,"org.eclipse.team.cvs.core",1331762026562
started,bundle,org.eclipse.team.cvs.ui,3.3.301.R36x_v20100825-0800,"org.eclipse.team.cvs.ui",1331762026562
started,bundle,org.eclipse.team.ui,3.5.101.R36x_v20100825-0800,"org.eclipse.team.ui",1331762026562
started,bundle,org.eclipse.ui,3.6.1.M20100826-1330,"org.eclipse.ui",1331762026562
started,bundle,org.eclipse.ui.console,3.5.0.v20100526,"org.eclipse.ui.console",1331762026562
started,bundle,org.eclipse.ui.editors,3.6.1.r361_v20100825-0800,"org.eclipse.ui.editors",1331762026562
started,bundle,org.eclipse.ui.forms,3.5.2.r36_v20100702,"org.eclipse.ui.forms",1331762026562
started,bundle,org.eclipse.ui.ide,3.6.1.M20100825-0800,"org.eclipse.ui.ide",1331762026562
started,bundle,org.eclipse.ui.intro,3.4.0.v20100427,"org.eclipse.ui.intro",1331762026562
started,bundle,org.eclipse.ui.intro.universal,3.2.402.r36_v20100702,"org.eclipse.ui.intro.universal",1331762026562
started,bundle,org.eclipse.ui.navigator,3.5.0.I20100601-0800,"org.eclipse.ui.navigator",1331762026562
started,bundle,org.eclipse.ui.navigator.resources,3.4.201.M20100707-0800,"org.eclipse.ui.navigator.resources",1331762026562
started,bundle,org.eclipse.ui.net,1.2.100.I20100505-1245,"org.eclipse.ui.net",1331762026562
started,bundle,org.eclipse.ui.views,3.5.0.I20100527-0800,"org.eclipse.ui.views",1331762026562
started,bundle,org.eclipse.ui.workbench,3.6.1.M20100826-1330,"org.eclipse.ui.workbench",1331762026562
started,bundle,org.eclipse.ui.workbench.texteditor,3.6.1.r361_v20100714-0800,"org.eclipse.ui.workbench.texteditor",1331762026578
started,bundle,org.eclipse.update.configurator,3.3.100.v20100512,"org.eclipse.update.configurator",1331762026578
started,bundle,org.eclipse.update.core,3.2.402.R36x_v20100629,"org.eclipse.update.core",1331762026578
started,bundle,org.eclipse.update.scheduler,3.2.300.v20100512,"org.eclipse.update.scheduler",1331762026578
started,bundle,com.altera.sbtgui.integration,11.0.0.208,"com.altera.sbtgui.integration",1331762026578
started,bundle,com.altera.sbtgui.project,11.0.0.208,"com.altera.sbtgui.project",1331762026578
started,bundle,com.altera.systemconsole,11.0.0.208,"com.altera.systemconsole",1331762026578
started,bundle,com.altera.utilities,11.0.0.208,"com.altera.utilities",1331762026578
os,sysinfo,,,"win32",1331762026578
arch,sysinfo,,,"x86",1331762026578
ws,sysinfo,,,"win32",1331762026578
locale,sysinfo,,,"ru_RU",1331762026578
processors,sysinfo,,,"2",1331762026578
java.runtime.name,sysinfo,,,"Java(TM) SE Runtime Environment",1331762026578
java.runtime.version,sysinfo,,,"1.6.0_23-b05",1331762026578
java.specification.name,sysinfo,,,"Java Platform API Specification",1331762026578
java.specification.vendor,sysinfo,,,"Sun Microsystems Inc.",1331762026578
java.specification.version,sysinfo,,,"1.6",1331762026578
java.vendor,sysinfo,,,"Sun Microsystems Inc.",1331762026578
java.version,sysinfo,,,"1.6.0_23",1331762026578
java.vm.info,sysinfo,,,"mixed mode",1331762026578
java.vm.name,sysinfo,,,"Java HotSpot(TM) Client VM",1331762026578
java.vm.specification.name,sysinfo,,,"Java Virtual Machine Specification",1331762026578
java.vm.specification.vendor,sysinfo,,,"Sun Microsystems Inc.",1331762026578
java.vm.specification.version,sysinfo,,,"1.0",1331762026578
java.vm.vendor,sysinfo,,,"Sun Microsystems Inc.",1331762026578
java.vm.version,sysinfo,,,"19.0-b09",1331762026578
started,bundle,com.altera.sbtgui.launch,11.0.0.208,"com.altera.sbtgui.launch",1331762026984
started,bundle,com.altera.sbtgui.ui,11.0.0.208,"com.altera.sbtgui.ui",1331762037781
started,bundle,com.altera.sbtgui.core,11.0.0.208,"com.altera.sbtgui.core",1331762037828
deactivated,workbench,org.eclipse.ui.workbench,3.6.1.M20100826-1330,"",1331762037968
activated,workbench,org.eclipse.ui.workbench,3.6.1.M20100826-1330,"",1331762065531
opened,view,org.eclipse.ui.console,3.5.0.v20100526,"org.eclipse.ui.console.ConsoleView",1331762065687
started,bundle,org.eclipse.cdt.dsf.gdb.ui,2.1.0.201009141542,"org.eclipse.cdt.dsf.gdb.ui",1331762065718
activated,view,org.eclipse.ui.navigator.resources,3.4.201.M20100707-0800,"org.eclipse.ui.navigator.ProjectExplorer",1331762078375
started,bundle,org.eclipse.compare,3.5.100.I20100526-0800,"org.eclipse.compare",1331762093656
deactivated,workbench,org.eclipse.ui.workbench,3.6.1.M20100826-1330,"",1331762097234
activated,workbench,org.eclipse.ui.workbench,3.6.1.M20100826-1330,"",1331762099359
executed,command,org.eclipse.ltk.ui.refactoring,3.5.0.v20100526-0800,"org.eclipse.ltk.ui.refactoring.commands.deleteResources",1331762099375
executed,command,org.eclipse.ui,3.6.1.M20100826-1330,"org.eclipse.ui.edit.delete",1331762099375
deactivated,workbench,org.eclipse.ui.workbench,3.6.1.M20100826-1330,"",1331762104140
activated,workbench,org.eclipse.ui.workbench,3.6.1.M20100826-1330,"",1331762113921
deactivated,workbench,org.eclipse.ui.workbench,3.6.1.M20100826-1330,"",1331762131468
activated,workbench,org.eclipse.ui.workbench,3.6.1.M20100826-1330,"",1331762140359
deactivated,workbench,org.eclipse.ui.workbench,3.6.1.M20100826-1330,"",1331762144468
activated,workbench,org.eclipse.ui.workbench,3.6.1.M20100826-1330,"",1331762149093
deactivated,workbench,org.eclipse.ui.workbench,3.6.1.M20100826-1330,"",1331762154562
activated,workbench,org.eclipse.ui.workbench,3.6.1.M20100826-1330,"",1331762222281
deactivated,workbench,org.eclipse.ui.workbench,3.6.1.M20100826-1330,"",1331762237453
activated,workbench,org.eclipse.ui.workbench,3.6.1.M20100826-1330,"",1331762245265
activated,view,org.eclipse.ui.ide,3.6.1.M20100825-0800,"org.eclipse.ui.views.ProblemView",1331762245375
deactivated,workbench,org.eclipse.ui.workbench,3.6.1.M20100826-1330,"",1331762251296
activated,workbench,org.eclipse.ui.workbench,3.6.1.M20100826-1330,"",1331762255140
activated,editor,org.eclipse.cdt.ui,5.2.1.201009141542,"org.eclipse.cdt.ui.editor.CEditor",1331762306109
activated,view,org.eclipse.ui.navigator.resources,3.4.201.M20100707-0800,"org.eclipse.ui.navigator.ProjectExplorer",1331762329000
opened,editor,org.eclipse.cdt.ui,5.2.1.201009141542,"org.eclipse.cdt.ui.editor.CEditor",1331762332937
activated,editor,org.eclipse.cdt.ui,5.2.1.201009141542,"org.eclipse.cdt.ui.editor.CEditor",1331762333000
activated,view,org.eclipse.ui.navigator.resources,3.4.201.M20100707-0800,"org.eclipse.ui.navigator.ProjectExplorer",1331762333015
activated,editor,org.eclipse.cdt.ui,5.2.1.201009141542,"org.eclipse.cdt.ui.editor.CEditor",1331762335515
deactivated,workbench,org.eclipse.ui.workbench,3.6.1.M20100826-1330,"",1331762370218
activated,workbench,org.eclipse.ui.workbench,3.6.1.M20100826-1330,"",1331762371703
deactivated,workbench,org.eclipse.ui.workbench,3.6.1.M20100826-1330,"",1331762371765
activated,workbench,org.eclipse.ui.workbench,3.6.1.M20100826-1330,"",1331762376343
started,bundle,org.eclipse.cdt.launch,6.1.0.201009141542,"org.eclipse.cdt.launch",1331762377656
started,bundle,org.eclipse.cdt.dsf,2.1.0.201009141542,"org.eclipse.cdt.dsf",1331762380656
started,bundle,org.eclipse.cdt.dsf.gdb,3.0.0.201009141542,"org.eclipse.cdt.dsf.gdb",1331762380656
opened,view,com.altera.sbtgui.launch,11.0.0.208,"com.altera.sbtgui.launch.hardware.ByteStreamConsoleView",1331762383750
started,bundle,org.eclipse.cdt.debug.mi.ui,6.1.0.201009141542,"org.eclipse.cdt.debug.mi.ui",1331762384234
started,bundle,org.eclipse.cdt.debug.mi.core,7.0.1.201009141542,"org.eclipse.cdt.debug.mi.core",1331762384250
started,bundle,org.eclipse.cdt.dsf.ui,2.1.1.201009141542,"org.eclipse.cdt.dsf.ui",1331762384281
deactivated,workbench,org.eclipse.ui.workbench,3.6.1.M20100826-1330,"",1331762395171
activated,workbench,org.eclipse.ui.workbench,3.6.1.M20100826-1330,"",1331762396109
deactivated,workbench,org.eclipse.ui.workbench,3.6.1.M20100826-1330,"",1331762400031
activated,workbench,org.eclipse.ui.workbench,3.6.1.M20100826-1330,"",1331762400984
activated,view,com.altera.sbtgui.launch,11.0.0.208,"com.altera.sbtgui.launch.hardware.ByteStreamConsoleView",1331762414734
no handler,command,org.eclipse.ui,3.6.1.M20100826-1330,"org.eclipse.ui.file.refresh",1331762426281
activated,editor,org.eclipse.cdt.ui,5.2.1.201009141542,"org.eclipse.cdt.ui.editor.CEditor",1331762428734
executed,command,org.eclipse.ui,3.6.1.M20100826-1330,"org.eclipse.ui.file.refresh",1331762433687
deactivated,workbench,org.eclipse.ui.workbench,3.6.1.M20100826-1330,"",1331762437375
activated,workbench,org.eclipse.ui.workbench,3.6.1.M20100826-1330,"",1331762438703
deactivated,workbench,org.eclipse.ui.workbench,3.6.1.M20100826-1330,"",1331762438781
activated,workbench,org.eclipse.ui.workbench,3.6.1.M20100826-1330,"",1331762441843
activated,view,com.altera.sbtgui.launch,11.0.0.208,"com.altera.sbtgui.launch.hardware.ByteStreamConsoleView",1331762446671
activated,view,org.eclipse.ui.console,3.5.0.v20100526,"org.eclipse.ui.console.ConsoleView",1331762449875
started,bundle,com.altera.debug.cdi.gdb.plugin,11.0.0.208,"com.altera.debug.cdi.gdb.plugin",1331762456906
activated,perspective,com.altera.sbtgui.ui,11.0.0.208,"com.altera.sbtgui.ui.debugPerspective",1331762459984
activated,view,com.altera.sbtgui.launch,11.0.0.208,"com.altera.sbtgui.launch.hardware.ByteStreamConsoleView",1331762460000
opened,editor,org.eclipse.cdt.debug.ui,7.0.0.201009141542,"org.eclipse.cdt.debug.ui.SourceNotFoundEditor",1331762460156
started,bundle,org.eclipse.help.base,3.5.2.v201009090800,"org.eclipse.help.base",1331762470015
started,bundle,org.eclipse.help.ui,3.5.2.r36_v20100702,"org.eclipse.help.ui",1331762470046
started,bundle,org.eclipse.equinox.http.jetty,2.0.0.v20100503,"org.eclipse.equinox.http.jetty",1331762470171
started,bundle,org.eclipse.equinox.http.servlet,1.1.0.v20100503,"org.eclipse.equinox.http.servlet",1331762470281
started,bundle,org.eclipse.equinox.http.registry,1.1.0.v20100503,"org.eclipse.equinox.http.registry",1331762470406
executed,command,org.eclipse.ui,3.6.1.M20100826-1330,"org.eclipse.ui.help.helpContents",1331762470828
deactivated,workbench,org.eclipse.ui.workbench,3.6.1.M20100826-1330,"",1331762470875
started,bundle,org.eclipse.equinox.jsp.jasper.registry,1.0.200.v20100503,"org.eclipse.equinox.jsp.jasper.registry",1331762471187
started,bundle,org.eclipse.equinox.jsp.jasper,1.0.200.v20100421,"org.eclipse.equinox.jsp.jasper",1331762471203
